# Bound State Energies [eV]
1.17014e-19
3.12075e+09
6.24151e+09
9.36226e+09
1.2483e+10
1.56038e+10
1.87245e+10
2.18453e+10
2.4966e+10
2.80868e+10
3.12075e+10
3.43283e+10
3.74491e+10
4.05698e+10
4.36906e+10
4.68113e+10
4.99321e+10
5.30528e+10
5.61736e+10
5.92943e+10
6.24151e+10
6.55359e+10
6.86566e+10
7.17774e+10
7.48981e+10
7.80189e+10
8.11396e+10
8.42604e+10
8.73811e+10
9.05019e+10
9.36226e+10
9.67434e+10
9.98642e+10
1.02985e+11
1.06106e+11
1.09226e+11
1.12347e+11
1.15468e+11
1.18589e+11
1.21709e+11
1.2483e+11
1.27951e+11
1.31072e+11
1.34192e+11
1.37313e+11
1.40434e+11
1.43555e+11
1.46675e+11
1.49796e+11
1.52917e+11
